-1.32364280344565	0.627913161077369	-1.08784125392039	-0.220816580322847	-3.95064760974541	0.0367268293944145	-1.50922943777549	-2.90869517679238	-1.80254593225439	-4.28084311066483	-1.48056759491936	-2.98645606928376
-4.53860559596649	-2.45111722263835	-0.424663027212839	1.49931076999104	2.47893278384987	0.224369623588087	1.83259910729753	3.23580593997807	1.77380027711395	2.37664523362595	1.57716947155863	-0.0505472819337749
1.88610126139342	2.81675735780032	1.23924100493241	1.74781601242292	-1.34971120832309	-1.79347072222025	-0.367779786299803	-0.0537121216196268	-0.817782306285836	-0.322831642789992	-0.956744479084269	1.29951287635334
6.09425705801445	5.08704825114728	2.9934207222771	3.21065613066849	-1.9674622365964	-2.6875161961857	-2.45819975409508	-3.28754119181755	-3.36669022982889	-4.41691895638683	-0.920005247558641	-1.35140107729609
2.45005889565915	-1.00727424181085	1.72132821335889	-1.13712286053013	-0.888721557624772	-0.363746381168933	-3.33947724031634	-4.31966758911729	-4.78254512674487	-8.68066878050614	-1.99764209693134	-0.949798905691075
-0.924211425094713	-1.29985008864531	-0.154285104157766	-0.465113800530495	-0.395400872167611	2.15902647474064	-2.15456161617094	-1.35536565628813	-0.508667159350785	-0.445316008833874	-0.27229604424923	1.68610180270557
-0.0103867963490172	-2.09963521073628	-0.724361253739166	-0.432648233266882	-0.812954326260269	-0.672419035112997	-2.56814014324327	-2.53126753295904	-2.47510235278301	-3.1951327698551	-0.315348711467784	0.244295539424513
0.306528796724169	-1.47224248870244	0.481395884570081	-0.228057649402671	2.94515835606821	0.184650238709735	1.35610491141651	-2.32122868138615	0.48712088242607	-0.100002879743458	-0.628255236517538	-1.3880796618601
0.342309825880773	-0.572283239010481	-0.233077928818621	0.248778032366863	-0.85294059505243	1.18758824165726	1.09034996500603	2.70314435407738	2.30047820237359	3.38227514289867	-0.106463884872094	0.887119226195818
-1.46590426447416	-1.90888031624834	-0.891891667673359	-0.76216725294976	-1.05275982937244	1.44065178164715	1.12526544193822	-0.0875806228528282	1.7783189048746	1.50034397012769	0.428014802202354	0.0281725183841072
-0.42370315319571	-0.958291249843938	-0.597319811842968	-1.71472603814187	-0.420597336244982	0.326152991403758	0.212216249650352	3.47417248840189	6.18480741014629	6.77100709278279	-0.777719582147445	0.279087484503259
0.578563426244385	-2.06202984145094	-0.986513380579928	0.13893545073313	0.300813607977085	0.977183215973038	-2.15417913510959	-1.80915495222058	-4.46661125750543	-3.89114939386063	-1.29388229761362	-0.0755679227470965
0.655540993766392	-2.05794485570823	0.43882728746027	-0.763798104969005	0.916324754771292	-0.616241727915219	-1.51737651879134	0.0145460351790274	-3.91296500199034	-2.3687851924188	-0.779566508059429	0.123040446673801
-4.45148923784253	-2.75298224608719	-1.8406278242615	0.963104348094855	1.0335493324151	0.285894535561503	-0.637401223689973	0.234345195116097	3.09830212966023	2.30957293761155	0.0119517585652984	-1.03141034094869
-2.64457920889015	-1.03022990200177	-2.13923183106608	0.210720089815453	1.97115088341176	0.230991666609932	1.42579070962618	2.96878073126399	5.82428114266515	5.67546698704764	-0.152416237822168	0.0897032482654508
-0.605821481004986	-0.221622919503877	2.96680630785552	0.902877188091711	1.28184408727485	-0.147383619672093	1.00742084041864	1.85263419081314	1.89153090760008	2.31375101039648	-0.703464254478642	1.32197866931796
-3.38244632617175	-2.06249586819373	-1.0041967090037	-1.08511887518225	-0.960905155248006	-1.59134817341709	-1.61435518320096	1.21461380684674	2.64940042219255	2.77339463323445	1.18887915627567	-0.30767404672409
1.29201695975599	0.557582070437085	1.17927668539375	-0.0377569598091776	0.778606666215563	-0.458105458243301	-0.723579046091606	-0.429594974218671	-0.17127625123172	-1.38285602277647	0.340512270849188	1.47857607432128
1.74365822822575	1.65247018736362	0.513792059618313	0.700813540037647	-0.139216876096548	-0.135533229047668	1.32382885030798	1.62058668043187	1.83651984489585	6.038502586816	0.506968172259166	-0.469536110860637
3.33899240438254	2.97759713712097	2.89158922072953	1.63747294652134	-1.5770817262948	-1.52800584995266	-2.19402155516218	-1.65699041747658	-3.77380682854451	-3.04972165482776	-0.293305149081411	-0.865843767729784
1.12538757375495	0.164790355545961	0.957802169930118	0.208798621797949	1.70237577361182	-0.0864173164956234	-0.739465501844507	2.13914135656602	3.84125935776583	3.84074720705394	0.223641415376273	0.999281501017827
-0.684486303150861	-0.162686252963127	-0.545915772231025	-0.772983770830626	-1.34146216289393	2.04837810738408	1.66854724517919	3.89966260226797	4.31288573605802	5.30893725853908	2.00720145694544	-1.0918678638688
-3.75047659742801	-4.64303578161303	0.0804762090395211	-0.224732319915228	-0.849528301085118	-0.965235641373265	-0.812782028842632	0.0581219347355765	0.975230554188195	-0.591752870078605	1.01197911806715	0.853628450739981
3.93626792955728	1.57094523088534	2.69239177801565	1.52725343636985	-0.695793367788019	-0.432383943139621	0.461810586870681	-0.728260127712456	-0.443855225043845	-0.991197803584602	-0.302459245168265	-0.627076417035401
3.4822693223579	3.00480880393729	2.65191625353528	2.47959087689664	1.15903241646771	-0.421656279306677	-0.957913720700578	-0.761284590511295	0.497477836382261	-0.176463430796461	-1.02524483901366	0.420684779960525
4.24214486315924	3.77647906050692	1.3644901964413	0.258882802374126	1.77468502356303	1.61652766232269	-1.98920226772565	-1.33566556860666	-1.95297970388463	-4.63778115412414	-0.267384829994282	-0.39587329633614
-2.07941333317513	-1.02663435629146	-2.2404360817801	-2.06895288860656	-1.49194840910175	1.07774079915364	-2.06132075997198	-1.67255866215801	-2.21132557996099	-3.16499770665769	-0.199105661114762	-0.389748120655664
-5.63200883752805	-3.19310862123905	-0.989089965453583	-0.0112597314133597	1.57038776293048	0.561901102305825	0.846812308002993	4.39427119816423	4.00302228690532	4.52772068924928	0.131122595424375	0.38357338399225
-10.1035663129777	-4.8609370449441	-4.8102437716676	-2.37207713710216	-0.756920690574382	-0.28237957004329	-0.336032815798503	1.19234784086775	-0.432617741770228	-1.48516622494825	0.145799895543701	1.6628702816608
6.79762931967928	5.01638370819135	3.15844120596789	2.51699679754148	1.09648826012906	1.40288992313043	-2.28031101330284	-2.79636898001882	-2.47291426473763	-6.13947465444487	0.362064721117229	-1.12813925789448
-0.242572646658428	-0.273374905581114	-1.59593306206182	-0.668993833288731	0.59555087761931	-1.1270437580514	-1.1895686632251	-0.0815912961172796	3.31061683746161	3.50849235042114	0.673981163800475	-0.131074874006643
-1.98112884499793	-0.88655870681264	-1.06314478558163	-1.99256570120037	0.473948276440578	2.59532760042627	4.05922086189482	5.83764888593319	5.29323403741023	5.06510918522902	2.07203576815057	-0.416865994512243
-1.8198645442938	-2.95960820901102	-3.13958318096058	-0.796269303952744	-1.43008331243927	-1.1820519460292	-0.936759234705313	-2.17451836578957	0.901497810299746	-3.07781002741118	-0.541028649061476	0.65236130217055
5.61575177907554	5.66916383447814	3.27970298296344	-0.693204868035165	-3.00832514713137	-1.73855535952322	-2.87659246990385	-5.39302118765386	-3.42424057811835	-7.51681595490294	-1.0704921583121	-1.64781472099279
-0.233744777166379	0.660735416873409	-1.1473954239151	-1.47138336998637	0.004154451596038	0.213266955992936	-0.263165193788289	-1.50774194856157	0.118773709508288	-2.46361398756125	-0.372456732278273	-0.676533817057978
-0.565593357149129	-0.031250453111439	1.39118270805527	-0.262405606425023	-1.30747311185602	-0.764585220602014	-2.0982643463166	-3.10848127631621	-6.08390657261334	-6.23391921524032	-0.485141354788276	-1.30546810324467
3.84317112089252	3.02233091826112	1.69469725709567	1.76521900041794	0.891361004393455	2.37699181238441	-0.445607078348179	-0.0718690072343342	-0.514426421367928	-0.699938023331215	0.274784178475709	-0.405379789844677
3.58763305051986	2.28247507235746	1.5169423207964	2.72840767846683	-0.506861131571211	-0.940536846271157	-1.87632822655493	-1.29603749595873	-4.48213098305268	-3.49294731957736	-0.4795125615823	1.35909679182259
2.87281041536195	1.08231396013005	3.0094704843809	2.12269265789634	3.63512649553175	0.293447712909286	-0.628802942442039	0.43201858635226	1.19590705215638	2.44747679502327	0.798105326125375	-0.66124928522967
4.29431406645864	2.62172102329105	2.04854651322118	-0.412077039748157	-3.70388314414852	-1.01652497613603	-1.87700307557719	-2.06446423344363	-5.8522286323742	-4.90896914710636	-1.00445120238872	-0.914581846073858
0.221032684523527	1.37800595647288	1.28028249148688	0.506785509873568	1.66177831961709	-2.35477156493855	-1.41668177997734	-0.849101707741058	-1.61926301794617	-1.29504192683944	0.104984233069838	0.128257999550038
11.0255338333372	6.09243848778814	2.809322572642	0.234782132149858	-3.26960707462931	-2.10985197189019	-2.7299815095085	-3.37533187636653	-4.50461923221075	-5.08242735488304	-1.15599289019211	-0.225435996740998
5.82343926300276	2.63788609453727	2.38908213117109	1.68983722670578	1.49418737313372	-1.02279535099366	-0.984619402550126	-2.69561702361459	-3.35594476760142	-0.904133095732573	0.578134626957856	0.670097231163236
2.27309170845999	2.82054026827891	3.51081582088366	0.857216313601806	0.374940366302107	-0.619183681903929	-2.75441406284719	-4.2984178264307	-5.79580058219353	-5.22483015347287	-1.59562565619352	0.537797625100396
-2.58129567626734	-1.57713859109826	0.936537355902894	-0.977806492124982	1.32025463949976	0.735917037791747	1.20804038771953	1.10404373369685	0.634472652977592	1.07546361232135	-0.308503656205915	-0.0552669303449633
-1.92837413297007	-1.18830723553474	-0.217659700894334	1.02122995804683	0.879570158911538	0.58855708516207	2.27078881568043	2.37624056353232	2.09191620528509	6.20529839906735	0.449465922122599	0.502102291221487
2.74668711128812	3.4353201994651	0.116995571900449	1.60716923260703	0.354268374137396	-1.28069632825216	0.256851649782467	-0.377755412978553	0.0862461566134173	0.294543158752054	-0.977053282629372	-0.640253580650597
0.200863335897182	0.0755143712759561	-2.90241231906162	0.97548082719369	0.943140397419422	0.91915675588811	2.25802822894274	3.62497019467733	2.76540836335864	1.83052390869626	0.189997859367245	1.80286524569441
-1.34895175580943	1.1310723205192	1.89422714942399	-0.00866206180719326	0.691979731463696	-1.81808295988871	-0.407275816682258	0.951599173428533	3.35168250697778	3.34552456528935	0.731453357300177	0.99871809551267
-3.60341739901475	-4.20572517749654	-1.13380370337382	-0.533709707944904	0.845750388693254	-3.65808494118476	1.54838275475246	1.9673013222588	4.0740537030387	3.98463230644235	-0.492599110754294	0.877727871546761
-2.62790878732453	-4.24602010028933	-0.776450607622682	-1.31246575147533	-0.655669568763706	1.55350130970997	1.9236206678705	4.08420216500575	6.73377366867503	9.52211436350369	-0.042684912173995	-0.454863617452481
-1.11497349322672	-0.576920090241275	0.908076215449907	0.906168292341391	-0.603372832834542	-0.202801309783637	-0.516520817976166	-0.964047795654341	-0.279188869469	-0.0210954515730128	-0.112670576433895	-0.0883943060851383
0.897542497099865	1.47107058647075	-0.215284021784337	-0.485624979888839	0.22579888958848	-0.871228239730131	1.3345721000676	1.71663169898742	1.93260292288515	2.63381697271557	0.456827247726432	0.0396626650718094
-4.61358062518497	-6.08844463150842	-2.70460454578007	-1.82912713120741	0.803211580358357	2.40935113373643	1.85765552419534	3.1129503355001	4.6975304216602	7.9633297104006	2.02033484176677	0.547069800757107
2.44746668459182	1.1069669131568	3.12452331810076	0.709567027292036	1.83087578173113	-0.370917093930176	-0.974001374274107	0.324747147165523	0.353921676152316	0.0126886053883869	-1.05089006245306	-0.225687182837207
-3.35254026399382	-4.79139094621108	-1.76447052833514	-1.4115952730496	1.5170761576664	0.17774981380039	2.58121215426733	2.9606633075126	7.81014914789401	7.80588717831258	0.734652105895187	0.393656282506059
1.71694487942831	1.7853087613944	2.21220932771797	3.18807126518611	1.14293172441207	1.93462415260259	0.867015270931027	2.5413012259686	4.41172977998987	3.72384726200984	0.539249743951547	0.123581928484932
6.6760044007459	5.11758134294168	2.16084062872805	1.42281839568069	-1.1214137481668	-1.19481251938491	-2.80322424949385	-4.61486929771375	-4.75571320049742	-6.70134563006965	-1.31427279695036	0.161286632466595
3.13467105272641	1.2200343359803	1.02268867508053	0.737788752993377	1.06503338795839	0.649483259713128	-0.182318869358275	-0.0991769238641376	0.878167215908291	2.89537132589369	-0.250038722057874	-1.27481627949847
-4.94320399784531	-5.78738589238207	-4.00265059228599	-3.68166883682326	-0.72284714539488	0.620069256319485	-0.418241498787835	1.00285112691213	2.69062014929891	1.55018749050536	0.314204596436828	-1.17720155202698
1.64021807928899	0.662475571919428	1.19287561890666	-0.778760721209992	0.169813501118706	0.204322979143202	-1.57966974140994	-1.23765574327866	1.25466878967881	-0.102673884653977	0.406546693678272	0.12665808275871
-2.90405067071816	-3.04765865655719	-0.895015402495914	0.387715236587159	0.629340342313783	0.824057348299464	2.04104532057662	4.54596450438289	6.35299551199198	5.83030988168845	0.994420599790523	1.74118436817992
1.71427164702653	0.269642549801973	1.94624758979017	0.0558400267660684	0.737872798618438	-0.997676460319868	-2.19931895236678	-1.23580018927287	-0.754727042786877	0.16142347814363	0.855768431757766	-0.586225418338387
-3.76115527345417	-1.8188764900669	-1.18430288738412	1.73947570668058	1.21269820806968	-0.282414276330545	1.64234206866059	-1.84221858327526	-1.2096914476909	-1.52348562104993	0.19712891685252	-0.445187081520624
-4.18725044314526	-2.21237119076424	-0.213368398809309	0.137178194878916	1.20393017452897	1.22450659413428	0.41997781972366	2.54521691134878	3.09570931758532	3.12777008109766	0.834325037545013	-0.0869318653863785
2.63429066581283	1.43904306108944	2.43362375371329	1.92949498492801	0.823691571662802	-0.13587274476583	-1.05252941638391	0.961864685683382	1.2776812603083	3.80402669417022	0.846790152407738	0.279830658746565
-4.79156731134594	-1.8476527554981	-2.00693427300009	-3.4396777036129	-2.33812611046084	-1.12348314427523	0.140767441371783	0.26660692259895	-0.593637731007081	-0.735867091010731	1.95410525460771	0.107016472762859
1.34104151734824	1.28363120427571	0.188930152921631	0.558909707289881	-0.693616501176963	0.0927904295706097	-1.24974620669424	-3.89687688804668	-5.34826207565027	-4.28944269560699	-2.14926000156704	-0.00601526071423487
-2.96401667336828	-2.7435722442531	-0.176797557965445	-2.24044066085637	1.06893476556935	3.90596225109024	2.95578532265826	2.02313017441965	2.80554741784697	3.05952483964524	0.971120269710021	1.74411520516251
-0.377266893555549	-0.0873929562110563	-1.65492696507916	-1.29368890536288	-0.669982826916503	-0.112419386254285	0.659855105491816	3.46216244695016	0.800312893423168	1.12834189713713	1.14506157329253	-0.0613690752376731
12.4560705666189	8.34396038384149	5.79442798389618	1.78468486514109	-2.98090519468333	-0.994181027650778	-2.44155359474991	-3.76048795207741	-7.34130284647144	-8.21754494218131	-0.525400626098731	-2.5343821922158
-2.911938300679	-0.892473071729752	0.209085710041022	1.21614093264041	-0.182713706403492	0.832822275631887	2.53165404383934	3.48868978982806	3.70502336000151	6.83474019790544	0.250320102774171	0.393002540415343
9.04554321732274	5.91372595788443	3.0005277836008	0.407305702890183	0.963066508127674	-1.73996823308984	-3.73460788917561	-5.12623076438336	-6.91289293957556	-8.24659689215517	-0.429406611369704	0.667802009300969
1.71682208032333	0.0173390080075616	-0.330529307438907	-0.0159518394644807	-0.736341581499851	-0.336792903203607	-4.41424675738469	0.280392043344316	-3.53077603172189	-2.6673825431901	-0.182519622146965	-0.177935032598308
0.487797855050702	0.553362523000553	0.500153051789075	0.173567450632108	-1.99822846513983	0.637069188536704	0.0620770341326391	1.19059401140361	2.41750629674297	2.66067421545687	-0.103310466384681	-0.396254245470431
-5.00991710412332	-2.95103658640925	-2.94975358891622	-2.20371509878129	-0.256546994184149	0.649615440738325	-0.909080162027385	-2.96398188974189	-2.43740476628362	-6.65136324640542	-0.63383820321184	-0.520089870497769
0.766054727163415	1.2775026458728	0.31121371232324	-0.329097000329495	1.10329749884521	1.14588200126265	0.74392887760339	1.1018818488561	1.39123261599089	1.92266933217302	-1.27105378720328	0.878683963899196
5.27251268987992	2.36589843773422	-0.431153900399479	-0.166310122171054	-0.629550533629015	1.13133268939273	1.83654520513779	1.31607584914863	1.68522564246454	2.04809125374335	-0.383950393903242	-0.539351587354318
-6.55033505265614	-3.27892071513446	-3.74089044740207	-0.126802494246872	1.13510974312826	0.788638020957382	-1.8589391748915	-3.69028744051948	-2.53983948795133	-2.97776775097442	0.516755802363183	1.36422382535862
-2.50142893603801	-0.47705616967293	-1.60077128440926	-2.99878867014921	-1.8623662838704	-0.297856866672275	0.385177963968194	0.525368172602152	3.08935705584434	3.02055295699015	-0.177968543811207	1.66648686681792
-0.823621765756771	-0.732100276354433	1.68527029701866	0.378394064642329	2.48036972447767	1.16978403045296	0.725787448757462	-0.245957964217151	1.49996877168834	0.947618635558703	0.0042580386632767	-0.236465228766263
3.87030982015795	2.22213575145094	2.33311374957643	0.93325673903094	0.498125984558365	-1.51867758110913	-1.52467017888568	-4.82710199391063	-4.70828143882088	-6.06107816543348	-1.27405955085358	0.495589162940322
-3.78435511054544	-1.98483908428868	-1.58901322993662	-2.75913897107614	-0.166119331668889	1.60485015525324	1.15395765199849	-0.113185352280644	0.468208373441788	-0.999746754115349	-0.202110338324637	-0.878036117359971
-0.360115049028456	-3.42769691690065	-1.55735761830915	-0.810596156892066	-0.12097119437854	1.83765386139454	1.69222818222609	1.07707197038622	0.308938564562689	1.34771429392664	1.16446587974116	-0.151994347247611
-4.68948310406847	-1.90086751801015	-0.369156430875706	-1.01935106002145	0.771062435317806	1.88590616287621	0.454180266678736	3.67823049635052	3.66635539103467	5.85835437225844	-0.0233794085238708	1.13728124207796
-1.45267965346462	1.42335145038798	-0.870362502381273	-1.70007385396472	-0.575424517519037	-2.07256858881117	-1.47770142934823	-2.17537824167379	-5.80637144324807	-4.58223092403024	0.897156749900788	-2.28304581412229
4.59781961109011	2.45981070596907	-0.690434964036626	0.892242701181412	-1.18682034477468	-1.29674207054143	0.48702293095089	1.20204245875934	3.16899048922081	3.95950861319509	-0.17672445493159	1.65260531126401
-3.34758800310008	-2.59697445534936	-1.13907513023887	-0.686004996122684	0.530479350576407	1.34888302664853	1.88193867143649	4.24326694242471	6.1841208175592	7.82150727082601	1.11370907755827	1.15980849924818
5.1386164531624	1.6111599071785	1.73843570844195	-0.726871631037164	-0.361215149533922	-0.342849328946441	-2.86397939963519	-2.48272843537844	-6.18004720340393	-7.56022833902589	-0.541888859649955	-0.881928746198927
3.07552663555484	2.23515031991512	1.33531807716502	1.58630865349806	1.19794743807555	-1.56402832211262	-1.56499747215215	-3.02927693429325	-1.75607479418191	-4.62915647185345	-0.963398331881266	0.945288073134426
2.34488384391626	3.39216573314797	0.489801860756036	-0.104668854038846	1.59349783694227	1.30813887672256	1.49859241835986	2.74742466803138	2.75824966725017	2.05889274475364	0.376448399581965	0.0976518487147649
0.570282927018303	-0.15584466006525	-2.79260699948531	-0.68283334785448	-0.432073768300841	-0.243444032395045	-1.06570264809475	-0.0960949585159421	0.256686175583959	1.90731863528375	-0.984673796713479	-2.93756284271102
-3.97825089019632	-2.91384452027789	-2.54689740603161	-0.62268776734238	-2.37492420347606	-0.558871222234272	-3.98770967840397	-2.56773480962216	-3.95585147117015	-6.61589428184211	0.897559402273504	-0.0202750951167761
3.28080192415185	-0.482523349686547	0.611714896499042	0.363762339750326	0.0997416841571876	0.00194531328443345	1.54419215627974	2.14991702984669	0.66351377605431	2.85351530322591	0.129262533485368	0.390071703368119
0.667454128655799	-0.296570543300859	-0.33926101649413	1.89948837192256	-0.540467259588924	1.0643331708481	0.728994517871837	4.03338317972613	3.55983122813443	3.61908797570882	1.0337029805641	-1.94291045345147
-0.868749617764409	-0.291000792090614	0.70730439076443	-0.0326622618874862	1.53425107898204	-1.53582061463195	-0.473195469391709	-1.94602889047659	-4.12797016414579	-3.43988941370937	-0.342289273627691	-0.638156642085378
-0.389985101276502	-2.40091461532684	-1.36643076522083	-0.318833010843148	-0.314839100701975	2.02258320838084	2.18982546355883	0.330047579256682	-0.079410596336595	-1.55519397165873	0.452281256535681	-0.307666450178497
2.40873135788254	-0.245925547817575	1.99537815976557	2.93008217401333	-0.990239063512479	0.11255527478574	-0.272696815012713	-1.69707031685387	-3.17921583408891	-4.31351376590825	-0.694737942026965	0.729718040753783
8.07083153304382	3.88332032563268	3.73051872899624	2.32040234317195	-3.05110764607702	-0.759839991846149	-1.02554329656016	-2.75925368489468	-4.44947480351829	-2.9251918047861	-0.239013591052881	-0.954475109038733
1.59726552281853	-0.0112787868313284	0.423455505858514	0.386356797449878	-0.0978151586204517	0.851244668651655	-1.75596511883282	-2.62477164283758	-0.00233083312643212	-1.38919266586992	-1.00729895959026	0.858035540731551
0.41215151417346	0.134959563879801	0.645611754262276	0.923638252406249	-1.00629183617535	0.570890377984543	-0.938828585328156	-0.951644093073217	0.0649735485902083	-1.16973140538	1.92671883293018	-1.48139208157706
5.05149052152115	2.15375080280393	0.711049673934769	1.65112337268364	-1.41039669396474	2.44716799172818	1.19928956501608	2.23636510011219	1.16623342969569	0.150964405674992	0.0514303644826475	-0.930332880995426
-1.67042574164348	-0.954523304159622	-1.61775365963294	-0.382731206963699	-0.075806398804999	-1.23779697548246	0.632626848204684	-1.71736487692258	1.35497704077483	0.705382942910867	1.80052376157027	-1.01661496327491
3.33035697269975	-0.358766413213733	0.223238301201262	-1.05900446808523	0.15197779789787	-0.682028095935174	-1.20554560634053	-0.75096234995256	1.08879525541871	2.61972154223641	-0.551457761402002	-0.211688286678202
1.79774704728788	0.337116753139721	0.792188638702618	-0.610811902843516	0.675634300861735	-1.13368805134106	0.908189889933435	1.2289080865491	0.999615461993673	1.1343257347179	0.107058894504653	1.65286642697269
-3.25899569575733	-1.85679690733051	-2.05412402029711	-1.18289569626016	1.15014660826544	-1.59503643287592	0.769836588743738	2.34433246840638	4.03524134889462	5.24519452459901	0.789124044243829	0.725296603900732
-1.01204977207394	0.732964606148961	1.07949159547864	0.256021486348786	1.60683808882513	-2.19467509238531	0.971700263504508	0.664175573481464	1.62745327692784	2.97351353660156	-0.244255317515544	-0.232236190994651
-6.09654383483932	-5.17992225810123	-3.15983451598543	-0.813927384387461	-0.491266585068696	1.13641729227043	0.187297698383213	0.0513292463373435	1.23808421917998	1.26985574136587	0.384179964193405	0.584508043592431
4.65739768565142	4.63825492486804	1.16680983270251	1.82802630886937	-3.38824493070658	-2.33014746790886	-0.082163586675795	-1.12366565310725	-0.696094693855309	-3.83959261270939	-1.16923551401572	2.41545433057664
1.66254086073843	2.38396661393048	2.74675579852282	0.672096549979524	1.50818894630945	-0.488512160874293	-0.881110863339688	-0.221366684527983	0.323712659151128	-0.789344075602013	1.51827242629017	0.0206977038512628
-1.64200634438006	1.74182813084978	-0.422442362193395	-0.229070136308463	1.01808774619985	1.68174381209478	2.48244283957858	4.01185842502899	4.67634938617303	4.55742788055297	0.0729811771478023	0.33734612159077
-4.75203850215064	-1.26964477095801	-1.91054540890614	-2.03557224076918	0.610276623098765	1.67064567325973	-0.029516560976012	-1.90438042100108	-1.47255653541101	-3.69619094536543	-0.527675028696167	0.158936159047047
-1.49165164330901	-2.19760008209607	-1.19393648593999	-1.62257936357925	-1.54968467076564	-1.69414778018887	0.427804484333176	-1.56175733919094	-1.86971582974039	-0.0346711301167555	-0.524525579440552	0.925637592908863
-2.72637719318137	-1.52439652830057	0.974168812903527	0.136261950643517	0.339068484564071	-0.131369183664596	0.38988439289553	0.303510829576594	1.90641259926091	1.8656417367071	0.746900748193059	0.839559140451451
0.747301761447819	-3.10987463140969	-1.46696331710277	-1.20126079219091	-3.07715809974629	0.982983012131818	-0.596721106844725	-2.97723519925232	-2.3179495853803	-5.8133230842972	-1.18241397156885	-1.09392460018928
7.08498735060006	3.83093684266191	2.82569443445553	1.53203052391747	0.717329375831515	-0.165986444324509	-1.58998875812127	-0.753785103072204	-1.5077086641856	-4.37267031489456	-1.35470848378535	-0.200862424197995
-0.0266641093314487	1.12822580504641	0.47075138806082	-1.71988621080992	-0.404937146902425	1.29316244318299	-3.06677515020404	-2.96141177151639	-3.3476173188618	-6.98950685580716	-0.212285509037467	-1.07635012210524
-3.05422303549279	-1.22304888334818	0.0411132098727663	0.2690631913517	-0.449978566601556	2.40714393739452	0.0359400331778559	2.63342919703964	3.0013695821408	6.0697985103984	-0.089481494677962	0.259928149159555
5.13793472698525	4.38471684306067	2.79894179571202	0.657956880671073	-1.28291270648092	0.475757760652676	-0.0856739858759219	0.185212909310918	-0.864903464468418	-1.29925996257896	0.25703251293236	-0.789660924656541
2.0469532979184	3.1820596824517	2.2606250071499	1.94065601479099	0.246285103767882	-1.54608525450904	2.10734179841003	1.6228755540391	0.517508799315371	1.39376929023466	1.2042868366767	-2.00283041586408
-0.209036441997146	-1.9894418925751	-1.15082304212595	-0.254341477094865	-0.919372338935253	-0.0692041711386621	1.32892602776653	-1.57259357634141	0.36983734068135	0.393177425266183	-0.174031076819401	0.592234819720292
3.20106005948431	2.74399437353408	1.79858245487475	1.11561714334772	2.11271282098285	-0.655043304481045	0.365993716047906	0.593553591587536	0.378172067564086	1.08239339502097	0.690216791053293	-0.409303092752289
-1.63531915758072	-2.96899776281599	-1.84799582698793	1.62066034207627	1.37716225018567	-0.703082624097746	-0.867167351096459	-1.11737716506984	1.10811309523869	0.855692643614895	0.413384581765977	-1.45926612651433
3.88841138228671	3.51308723688489	4.06630720216992	4.94112744712556	2.40549220842177	2.45096642722324	1.90382164555933	0.493072557344168	0.0854891682233964	0.669773521493954	-1.43047904733872	0.150129973262923
6.40675842261115	3.13779035566947	2.52490104672783	2.17910811814536	1.50561226496086	-0.730079100796766	-2.50853436582574	-2.93447148642948	-4.5461719113022	-6.67116915119562	-1.29966910189793	-0.766352260135608
5.54805007911524	4.72431562159741	4.21359633638412	2.55214736537918	0.657554067739937	0.255613113572459	-1.99168428915404	3.57405343067082	3.95883730658082	5.10098968350652	1.40334986772223	0.636960532839213
0.110587375228404	1.70696573134736	0.0585226348055986	-0.0460428470000034	0.591438598003182	-0.513957085245246	-1.73883722203223	-3.22229613497387	-5.92594234651444	-5.60562145469326	-0.219350218754375	0.0717969486351564
-4.56458199666549	-4.97466870493027	-4.06838660648275	-2.338109728023	1.47508697442194	-2.27428863228291	0.13916137254068	3.27921335354827	4.43927245121878	4.21902007677781	2.13249109182045	0.520675974110528
-3.36370755984451	-5.07778936585612	-2.83995695846256	-2.27072217490442	-0.780997601454749	-0.927697624538969	-1.69504951776488	-1.34432148791837	0.652617438428219	-2.25513139570275	-1.83346990966075	0.704677184743548
10.2336557683732	6.51277711068838	4.94137520179014	1.93531370602145	0.0773787920616322	-1.5098507556309	-4.23802585982312	-2.69149071563735	-6.17700889450815	-6.18393932948928	-0.11050968064787	1.56062536785622
-0.620997141455978	-0.127762976424178	1.74207135895326	2.32987696959994	2.1387936955602	2.65242580991876	3.49434085216524	5.78193244651939	6.5938266494521	9.95217395258527	0.765710352768303	1.11336856514551
-1.05863786487548	-0.544920325975275	-0.745936752914391	1.29699777443748	0.319232582198251	-1.08805595760025	-1.84555700022695	-1.53027014872543	-2.76480163609243	-2.71542707249849	0.323504604427004	-0.569095974603544
-0.459263113580231	1.30254817552601	0.915078374366204	-0.291763914459464	0.608561389340367	0.369571974578454	-3.49008384058361	-2.31829409995318	-5.08682097087919	-7.15994048380202	-0.735378911852477	-0.918296634627872
-3.38751100961809	-1.88890379484291	-0.887846016054948	0.922847791186686	-0.593425387319349	1.01355842850838	0.365429472923587	2.196333427932	1.93476778916169	3.23342340641646	1.14571714367204	3.67687785511891e-05
-7.64732053368151	-5.05365272878079	-4.01565058621885	-2.25960627674265	-1.34101398735272	0.593875056016699	-1.06721608671997	-1.69519578736452	-1.59669700150783	-2.41355574184599	-0.2782374383072	-0.107663488526678
-0.833866405956215	-1.87224576635421	-0.581898494110523	0.36819335223295	-0.296463111362395	0.59013821909708	1.58509208266933	1.38647745531813	0.897264617314265	1.95168852393348	1.05684132352161	-1.95484783866513
-9.60578337245949	-6.33951460960368	-4.23410999457293	-1.07325023421496	0.171239231412278	1.06691914941955	-1.48679167261525	0.296713401526983	-2.5952349941507	-2.62644989057022	0.367514437203756	-0.313771941553644
-2.06824034736713	0.501934495078636	-0.456775079414508	0.108248798245774	1.40793957285014	-0.732960882385307	2.76735150697559	4.50666235976533	6.28415190919236	7.38860801208481	0.847514614754401	-0.364891374129292
6.47384686208753	3.20876466321594	2.56540251565963	2.29502614579696	1.01478248804236	-0.891691820716378	-2.48177679256707	-3.59677855825204	-4.8973825661444	-4.99987964450978	-1.26282046598614	-0.269123009859461
-2.2904625970114	-0.571361113353526	-2.07862339351132	0.147957126403567	0.415381895566226	0.952556873800948	2.17894891503193	3.85610210583921	3.56803065450661	5.15813690068978	0.528236667796647	0.520254617404706
-5.43173713303951	-4.19616873670519	-3.44132930986521	-1.84832885865632	-1.69584739551085	2.33511004953761	3.98651646051641	6.11434277424996	5.07806311057098	8.06840798001545	1.08940682225353	-0.415470179167645
0.600237664990841	0.479874558674456	0.11492792130223	0.325454405920662	-0.199168437721727	-0.00532799748045454	-1.3568263992016	-2.64699233930089	-2.13691816064676	-4.15048016988898	-0.699478363960751	-1.00454506769068
-4.05521418589131	-1.03263587921105	-0.417696969934765	-3.10329278058748	0.962749358691304	-0.305613880830228	5.05399799587161	5.67000600662541	6.76913227129303	8.76223484154499	1.42102616839858	0.166726642182254
-3.80711491136146	-2.23905558489756	-1.00284790552399	-0.658227878296139	0.741551651860382	-2.14748417604306	-0.569854796326067	0.555073350006703	3.67532816744922	5.23678204524636	1.43902167849824	0.28207697899961
-3.51556225346674	-2.09253917517594	-1.48442118734449	-1.34764309839011	0.547516235068362	1.37919832359351	1.38738383576738	-0.0123669327013317	0.633028823530414	0.995536328310845	-1.29531128491286	1.24352243222479
6.95922711406921	4.59293792479676	2.15567199922206	-0.520034331993815	-0.497827609449115	-1.63727794810617	-0.857735350267541	-0.431020892764002	-2.52213014459931	-1.85270346452986	-0.897059866792365	-0.202177966500788
-2.51209647407202	-1.66008476492614	-0.180983883068018	0.0203443947573294	1.37031274198148	-1.84014147543314	-3.0373236541395	-4.52303524645608	-4.27778081205869	-4.42286473732684	-1.88477611635603	-1.56614381958732
-1.71204405058581	-1.89826766897993	-0.841465028449946	-1.49851281699578	0.192599944409073	-0.592124314916821	1.10280217757774	1.29964369854153	4.63524633995889	4.05544178841051	0.0274979049208333	0.223402673669229
4.7349340551267	2.58385909542572	-0.448261233167546	0.448395019701866	1.13479842302789	-2.41077325352963	-1.32829742365786	-4.58515982654551	-5.11729482915455	-5.53847113609069	-0.907416652625977	-1.26000090362785
-0.238644493530577	0.547091541258561	0.178979033475047	-0.339330757591703	0.0631669170402995	0.372753323296386	-3.36019275850148	-3.3090007637623	-1.5037190857397	-2.43576448404544	-1.64756170283582	1.56956475130837
3.99166455989499	2.52948212377407	1.22250489652355	-0.788945726560577	-0.140332615187791	-1.30139441489311	-1.00685906180472	0.948488570041985	-2.6737883809227	-0.833788205794708	0.252340039095107	-0.304834333150142
2.34484379755152	2.41985720450715	0.769152188397083	2.66179726458227	-1.43752912962186	0.623880716661366	1.61787409931358	0.588380911202797	0.840851947690113	1.7707536569474	0.642314265150256	-1.49111373438978
-5.03795279842733	-2.8402156038221	-2.05162379120315	-2.94327507658412	-1.73250797481466	-0.435861252375979	0.805277555145577	0.554688595800569	2.53996472557372	2.02430779843905	-0.346936107707451	0.232683451936023
2.16192771413181	2.8937799883622	-0.360899844578165	0.24064327921282	-0.97767649922035	-0.96802010230045	-2.25905793081895	-2.06053588012282	-5.98246872032831	-7.03980601524355	-0.515263231548538	0.56570219516483
1.44700308176082	0.956744857752792	1.79207522648167	-1.20568595931581	0.36879928892328	1.5607024032948	3.27478544532696	2.37027894541455	0.503745121031591	0.68535608074544	0.398168923330113	-0.326401750120617
-1.9589044669954	-3.39145496816027	-0.208609641841149	1.64671856113409	1.25332900031353	1.51096499015312	2.40794326453426	5.64899834105352	8.31655264118819	9.0478534412924	0.953557213652118	0.92343719549371
3.97839278012251	2.4036781868373	3.1156654240898	1.40958232691476	1.35321765170621	1.42674239470884	-0.483044792457902	0.823453563018726	1.03594070989895	0.422355096500982	0.260178924384099	-1.14025769498887
-0.966945614761219	-2.16911575337786	-1.8781592975304	-0.160076704139402	-0.652878389000549	-1.58711043431954	-2.42173069974956	-6.31608493894192	-6.90379639937876	-8.86413086847251	-2.05013437683161	-0.738178501589735
7.7466258854334	5.21596627948153	4.81644825965451	1.69281564976353	-2.19566115131501	-1.15535219101554	-0.0546262939085349	2.83780519672969	3.08850798128055	4.28769779360573	0.287970717575725	-1.05546428475784
0.173235643638043	-0.527166757756224	-0.525110570929316	0.936140861592036	1.69431417858603	0.725011206921463	0.813737757724343	1.83982451253838	0.533228947010223	2.93314867635895	0.36194541917808	0.498221621633698
-0.0913467055559638	1.28308438052689	0.427542294344327	-0.203962434146584	-1.71156394952509	-1.50801274093588	-2.24520687752054	-4.10879456415355	-4.4519933332569	-7.4265744325509	-1.68674102390039	-0.863845963543163
-10.481157890561	-7.29439950039508	-4.9573870240425	-3.32327733634887	0.694317546219181	0.159726721921005	1.9327665550643	1.06209004687211	0.165266101165469	1.64897690375067	1.24716980225836	-0.785439280924796
0.533158283277816	1.04664524992857	0.920507624298416	-1.50536177296789	1.28548805706141	-2.73911995986209	-2.43649176886644	-5.78237210635538	-6.78881020033839	-8.95575144812295	-1.77019288204388	0.494961286308026
3.06543728068375	3.52017072155861	2.33834387421731	1.64934042727108	1.49198716262486	-0.0883427830100257	2.43817165808332	2.32656833055973	0.158980077316163	0.857092191591729	0.222835865452008	-0.155274771457315
0.277880942237627	-0.116591831911501	1.27774890358927	0.141262005530027	1.06366218193878	-1.23318881076575	-1.78978956938166	-0.205133732113106	-0.850839420256324	0.989533569296662	-0.560520433082633	0.626087859660604
-4.92575263639829	-3.99532634813415	-1.07524408765413	-0.324963235901628	1.84634637792879	1.63190189634688	-0.31629699032575	-0.621363166959852	2.07662707742538	-0.811604506970235	-0.508129562203864	-0.938288695454485
5.47189299008954	2.0819696125797	1.29416381618377	-0.485794205673511	-1.69609436299644	-1.71101378019556	-1.9061413240005	-1.54012113134413	-1.56042532166584	-2.73184373383544	-0.938833088183996	-0.0308856167836185
-5.38179664890269	-3.55760533259088	-2.49709002877024	-0.99497582057222	0.711125423209906	0.278205448791088	1.34015021876772	1.30661128944108	3.15234121274167	2.82976528114124	1.6356493842398	0.219018522960626
-2.86572056227944	-0.893328893271404	-2.62671668031643	1.67727789747127	1.08124504981385	-0.789574716001931	-1.070788572609	-2.11391052751554	-1.5591564309089	-0.99630712758603	-0.652816888666918	0.134540334798463
-8.09242332554774	-4.8587096922492	-3.06191703050406	-1.58852489769808	1.47554745102855	2.57881836997787	2.97061210458775	0.0727417743927097	0.455557110928702	-0.623840273895546	0.839213619475944	0.845739585898534
-0.533211268273272	0.654721262367564	0.188730694504278	-1.15467892419071	-2.07056462478712	-1.16231876143107	-0.956357141794813	-3.32004278548413	-1.37542704210001	-3.73669011123951	-0.611595291859261	-0.208909047563922
1.18983270811439	-0.349951509276702	-0.875822206883683	-0.468799517495875	0.18226280538265	2.56119555278677	1.42307291437284	0.0524260470612712	3.17263730559043	0.822975626847482	-0.371716971363048	0.0334008253068509
0.353457834770439	2.07977522902873	2.60418693731067	0.380958565887192	-2.15076971408678	-0.869957168069989	-0.0454403640576821	2.51334505053847	2.11873300154022	3.18732035865634	-0.515233958297263	0.812323297510572
-2.59545814075567	-2.93600124481597	-0.856949103754932	-0.168649584393431	1.01761131265046	-0.529957219840718	-1.12427178489246	-0.815206608338946	-2.13062696640853	-2.47748715978595	-0.341768610276271	2.40108638567898
-2.10016556464494	-1.00842046425359	-1.28488072104212	-1.65485048751361	-0.290163796106502	0.452171299581228	1.33901587858531	1.09676369862335	0.228487828532372	0.414572161308009	0.683918780578655	0.64591316151611
3.46919460193206	1.56710487084532	-0.0476551705865406	1.21376673046849	-1.00621509394826	-2.71098513660023	2.2165538591206	1.28168340316401	1.88215706223802	3.33669943939549	0.798342466916299	0.54159007052703
8.03667970003299	6.38079868253881	5.79708313744856	2.40825390666476	-0.862650682724235	-0.292414281333855	-4.44229892789982	-4.20049497410667	-7.06218064103682	-8.47230382896458	-0.799804142246851	0.702506079122705
7.40164565474685	3.7277475116433	1.55478000780517	2.71993874952337	2.25550449662294	0.47282440696303	1.12424765791395	-1.70365194761174	1.91618895404678	0.561327502044468	0.229630244890438	-1.1382776008417
-3.08650363120183	-0.21445705617884	-0.598299879018435	-1.3466112890122	-0.256288408916078	2.37151665333015	1.7650269952372	3.28235502628275	3.56730639087432	4.58119743276311	1.69354793059294	0.00619664814862032
0.446185478377041	-0.0242501138425487	-0.684015584238661	-1.8429834020541	-0.395970528317104	0.532896212319166	-2.68353709280298	-2.3172278919331	-2.71495285155668	-2.83840592038156	-0.768470969691349	-1.26021327858415
5.60815347496641	4.0029588895884	4.28780113948242	3.35078466844609	-1.04320187084525	-2.39319509311798	-4.23940555754314	-3.78308646462661	-7.1088571024178	-11.4716245808561	-1.5431527225713	-1.25111466032597
-0.797884364365914	-1.37545075985844	0.739025986065104	1.07525910618446	-0.152721710519197	-1.55544879676091	0.69412284547655	-0.0307053742417952	0.969129949310698	0.928232635497637	-1.32060090653404	-0.43886637665398
-0.849253588029756	-0.593418073376184	-0.987954469895986	0.577234749615304	-0.196826614637279	1.22893628059961	-0.744082880209121	-2.1353728878846	-3.40366128114129	-3.42189626315859	-0.675821504570907	0.169782866048631
-8.74323689759851	-7.32329813247061	-4.82555922738825	-2.22055124126902	-0.34051784710953	1.95032848733775	1.23248053625367	1.43559027001845	-0.662510267637463	0.161087882698931	-0.367005425950837	-0.625754721082407
-3.10775430994987	-2.6176948035346	-3.67556867263008	-0.701184263358145	-0.618820073909705	0.248229736412591	1.73980855234439	1.74805542400433	0.784456642678706	0.423173138885464	-0.513872180952252	1.63085287325448
-4.56369648264519	-1.99611277817975	-2.15046982003178	0.330556608000188	0.413221893251467	1.03636279281236	-0.0430247189014825	-0.267835454549565	-1.92913712986093	-1.83908571359393	-0.959253963060824	-1.54604334296626
0.425413803577717	-0.421258379838102	0.734040262227179	0.344331403071295	1.78685089697629	2.05026848673158	-0.24355868862907	1.2898221704827	3.25076258695013	5.14279686822321	-0.121663672385953	-0.185822812139085
-3.70766270549796	-2.26463794836776	-3.11406156135531	0.0136108598192367	-0.700928513502002	-0.611255346216519	0.684932976764191	1.34888390003408	0.706668816197391	3.3903496840129	0.665937151118727	1.0257956667907
0.220479838796267	0.767708490175145	1.33031469883478	0.31975708950895	0.212795795676565	-0.593067642550576	-0.701545891674461	-1.14054182671127	0.161428201663414	-1.67584634941502	1.23871981901545	-0.0951255313023981
-0.117778208277383	-0.938844336886258	0.200325172419887	3.27875926510984	2.87242652681593	0.716281499015201	2.71544947223005	2.23659872921639	1.76501371808507	3.28838866740788	1.18394078254209	-0.0124660040360569
-3.72986150501176	-3.2739033973949	-3.72643107823952	-1.54772772216557	1.77960356065364	1.19688311806694	2.87175630169068	5.00538147261678	7.07638815762545	8.35783551271089	1.49836149129708	-0.0297939328843767
-5.71252779833322	-4.80185420866895	-2.29173445417851	-1.26110414918136	-0.673740425055458	1.62727158913626	0.807226855900638	-0.45560392667877	-1.89115892161489	-1.66643110675329	-0.289104355354347	2.5943540460909
-0.618778943854492	-1.08264937286976	-0.851710811077553	1.61569895475653	1.40251497082052	0.379880417780684	2.7019307355459	4.02528167208087	6.21887621726876	10.3587084702997	1.92368721847188	1.33634079345983
-1.76246164246707	-0.518004903818275	-0.719869623524795	-1.28994781727851	0.507727632772224	-0.565141741742759	-2.48350930250855	-2.81970131320902	-5.06332480275764	-6.75948341333286	0.518512450554538	-1.51485371352451
-3.97531622337371	-0.965736114185468	-1.88496106563475	-0.822264504525933	0.242222220023339	0.673743458244248	2.77276607661294	1.25274308072918	1.5715836270454	2.5393511987848	0.476590956687039	1.19244484102862
-1.42892268840805	-0.690663226847126	1.01424931126766	-2.23209708685127	0.249377294857962	0.844278239292257	1.35289916003156	3.09510288078367	3.29165538156382	5.00181560135687	0.302603746545976	1.11213732419239
2.71510205775836	0.679538463128035	-0.565670341597396	-0.361680524996388	-1.13058487351284	1.67552433845543	2.14504733189807	4.72013275570955	5.09589120373513	4.88477743219641	0.821232709868714	-0.0666305127719153
-1.52237661041322	-0.262662676080795	-0.0096602535957655	-1.53535447748818	0.50690900230293	-0.0399262276786941	0.399205863232417	1.50560970161538	3.27710208246896	2.7257695336951	0.392579260298806	-0.805324948351065
3.62173500907392	3.8264433109449	0.998058978473512	1.21777271854381	-0.0851424082525201	-2.92128780730035	-2.24827221271324	-2.27908797382683	-6.26802469709768	-7.75223214679386	-1.44045092388509	-0.766803795476994
-4.15356109381337	-1.64067768847664	-0.25098102312793	-1.24864997757003	-0.446073160539756	0.304490864319371	-1.56429751706922	-0.873324648513612	-1.48590656448439	-0.357713316731057	-0.868897483537004	-0.249060295408209
